-20.165  24.659  12.434  79.000 -5.283  16.927  45.676  19.388  23.977  5.982  143.404  0.149  20.732  44.189  148.925  138.099 -13.758  23.022  8.720  39.099  60.096 -31.982  22.189  39.724  21.264  4.802  144.571  0.256  8.397  40.786  143.301  158.112
-20.165  24.659  12.522  79.000 -5.283  16.927  45.676  19.184  23.977  5.982  143.404  0.149  20.732  44.189  148.925  138.099 -14.725  20.209  10.566  39.099  63.414 -32.004  24.563  39.310  21.122  4.802  145.359 -0.476  7.960  41.177  143.301  158.586
-20.165  24.659  12.522  79.000 -5.283  16.927  45.676  19.184  23.916  5.982  143.404  0.149  20.732  44.189  148.925  138.099 -15.165  18.538  11.797  39.451  64.007 -32.227  24.608  39.310  21.122  4.802  144.965 -0.476  8.397  40.786  143.301  158.586
-20.165  24.659  12.522  79.000 -5.263  16.927  45.676  19.388  23.977  5.982  143.404  0.149  20.732  44.189  148.925  138.099 -15.692  17.396  12.413  39.802  66.146 -33.219  26.885  39.310  21.122  4.802  145.359 -0.110  7.960  41.177  143.301  158.586
-20.165  24.659  12.522  79.000 -5.253  16.927  45.676  19.184  23.977  5.982  143.404  0.149  21.135  44.189  148.925  138.099 -17.626  13.527  14.347  39.802  69.667 -33.260  31.647  39.310  19.847  4.802  146.146  0.256  7.524  41.177  144.107  158.586
-20.165  24.659  12.434  79.088 -5.252  16.927  45.676  19.184  23.916  5.982  143.404  0.149  21.135  44.189  148.925  138.099 -17.890  11.154  16.456  39.802  70.348 -33.327  33.749  38.896  20.768  4.802  146.934 -0.110  7.087  41.177  144.510  158.586
-20.165  24.659  12.785  79.088 -5.252  16.927  45.676  19.388  23.977  5.982  143.404  0.149  20.732  44.189  148.925  138.099 -18.857  9.132  17.511  39.802  75.138 -33.359  35.610  39.310  21.193  4.802  147.327 -0.110  7.087  41.567  144.510  158.586
-20.165  24.659  12.785  79.088 -5.205  16.927  45.676  19.184  23.916  5.982  143.404  0.149  20.732  44.189  148.925  138.099 -22.462  5.527  17.511  44.110  76.462 -33.359  35.895  38.896  21.477  4.390  147.327 -0.110  7.087  41.958  144.510  158.586
-20.165  24.659  12.522  79.000 -5.171  16.927  45.676  19.184  23.977  5.982  143.404  0.149  20.732  44.189  148.925  138.099 -20.264  5.176  20.061  43.319  81.752 -29.840  39.851  38.483  21.406  4.390  147.721 -0.110  6.650  40.396  142.494  158.586
-20.165  24.659  12.522  79.000 -5.161  16.927  45.676  19.184  23.977  5.982  142.997  0.149  20.732  44.189  148.925  138.099 -22.198  1.835  21.467  43.319  85.249 -26.544  43.937  38.483  20.839  4.802  146.146  0.256  6.650  38.833  142.494  158.586
-20.165  24.659  12.785  79.000 -5.071  16.927  45.676  19.388  23.977  5.982  142.997  0.149  20.732  44.189  148.925  138.099 -22.725  2.275  20.413  43.231  87.626 -23.251  39.394  38.896  20.839  4.802  143.784 -1.575  4.904  40.396  141.285  155.269
-26.319  24.659  6.368  39.352  72.770 -3.068  7.767  25.510  23.977  4.124  140.558  0.149  22.345  42.427  148.925  136.157 -22.286  22.407  0.808  64.857 -1.771 -7.952  53.208  40.965  21.548  4.802  146.146 -0.110  6.214  41.177  142.494  157.164
-26.231  20.352  10.763  39.879  72.935 -6.796  12.028  18.571  23.916  4.124  140.965  0.149  20.328  43.308  148.925  140.041 -22.286  22.407  0.808  64.857 -1.878 -7.952  53.208  40.965  21.264  5.213  146.146 -0.110  6.214  41.177  142.494  157.164
-25.791  18.418  13.401  39.879  72.935 -11.803  11.509  16.122  23.916  4.124  141.371  0.149  20.732  45.951  148.925  144.410 -22.286  22.407  0.808  64.857 -1.938 -7.952  53.208  41.379  21.335  5.213  146.146 -0.110  6.214  41.177  142.494  157.164
-25.703  14.725  16.741  39.967  72.935 -12.288  17.758  15.306  23.855  4.124  142.184  0.149  19.119  46.832  148.925  146.351 -22.286  22.407  0.808  64.857 -1.984 -7.952  53.208  41.379  20.697  5.213  145.753 -0.110  6.214  40.786  142.494  157.164
-25.791  13.495  18.324  40.143  72.935 -12.679  17.522  15.102  23.855  4.124  142.184  0.149  18.715  46.832  148.925  148.293 -22.286  22.407  0.808  64.857 -1.984 -7.952  53.208  40.965  20.626  5.213  145.753 -0.110  6.214  40.396  142.494  157.164
-25.879  11.209  20.258  41.286  72.935 -12.681  23.828  14.898  23.916  4.124  143.404  0.149  17.506  47.273  149.299  147.808 -22.286  22.407  0.808  64.857 -1.990 -7.952  53.208  41.379  20.697  5.213  145.753 -0.110  6.214  40.396  142.494  157.164
-25.879  9.890  21.576  42.516  73.406 -12.764  23.799  14.694  23.916  4.124  142.997  0.149  17.506  47.273  149.299  149.264 -22.286  22.407  0.808  64.857 -1.994 -7.952  53.208  40.965  20.626  5.213  146.146 -0.110  6.214  40.396  142.494  157.164
-25.879  8.044  23.423  42.604  73.577 -12.764  28.537  13.878  23.855  4.124  143.404  0.149  16.699  47.273  150.049  147.808 -22.286  22.407  0.808  64.857 -2.011 -7.952  53.208  40.552  20.626  5.213  146.146 -0.110  6.214  39.614  142.494  157.164
-26.231  6.374  24.390  42.692  73.578 -12.771  28.523  15.306  23.916  4.124  143.404  0.149  17.909  46.832  149.674  147.808 -22.286  22.407  0.808  64.857 -2.011 -7.952  53.208  41.379  20.697  5.213  145.753 -0.110  6.214  39.614  142.494  157.164
-26.407  5.055  25.884  42.780  73.577 -12.770  31.273  14.490  23.916  4.124  144.217  0.149  18.312  45.951  150.049  146.351 -22.286  22.407  0.808  64.857 -2.018 -7.952  53.208  40.965  20.626  5.213  145.753 -0.110  6.214  39.614  142.494  157.164
-27.110  3.648  26.587  44.363  74.195 -12.682  31.741  15.102  23.916  4.124  144.217  0.149  20.328  45.511  150.049  146.837 -22.286  22.407  0.808  64.857 -2.025 -7.952  53.208  40.965  20.697  5.213  145.753 -0.110  6.214  39.614  142.494  157.164
-28.253  2.066  26.939  43.835  75.257 -10.017  35.087  15.102  23.916  4.124  144.217  0.149  19.925  45.070  150.798  146.837 -22.286  22.495  0.632  64.857 -2.181 -7.952  53.208  41.379  20.697  5.213  145.753 -0.110  6.214  39.614  142.494  157.164
-27.462  2.154  27.730  44.187  75.295 -10.112  34.992  15.510  23.916  4.124  144.217  0.149  22.345  42.868  150.798  144.410 -22.286  22.495  0.808  64.857 -2.199 -7.952  53.208  40.965  20.697  5.213  145.753 -0.110  6.214  39.614  142.494  157.164
-25.527  3.033  28.785  51.747  82.058 -2.566  30.522  28.776  24.161  4.495  137.713  0.149  19.925  48.594  148.925  143.439 -22.286  22.407  0.808  64.857 -1.202 -6.965  54.195  41.379  20.981  5.213  146.540 -0.110  6.214  40.396  142.897  157.164